i = 15, j = 15, k = 0

F_META[0] = 3.165096
F[0] = 3.114465
F_META[1] = 0.402584
F[1] = 0.659958
F_META[2] = 0.625677
F[2] = 0.408386
F_META[3] = 0.609791
F[3] = 0.519078
F_META[4] = 0.451570
F[4] = 0.519078
F_META[5] = 0.527516
F[5] = 0.519078
F_META[6] = 0.527516
F[6] = 0.519078
F_META[7] = 0.242430
F[7] = 0.329979
F_META[8] = 0.274865
F[8] = 0.204193
F_META[9] = 0.242430
F[9] = 0.329979
F_META[10] = 0.274865
F[10] = 0.204193
F_META[11] = 0.535931
F[11] = -0.047379
F_META[12] = -0.021800
F[12] = 0.581551
F_META[13] = 0.201292
F[13] = 0.329979
F_META[14] = 0.312838
F[14] = 0.204193
F_META[15] = 0.304896
F[15] = 0.259539
F_META[16] = 0.225785
F[16] = 0.259539
F_META[17] = 0.304896
F[17] = 0.259539
F_META[18] = 0.225785
F[18] = 0.259539

Rho = 9.433962


i = 15, j = 15, k = 5

F_META[0] = 3.108137
F[0] = 3.114465
F_META[1] = 0.658903
F[1] = 0.659958
F_META[2] = 0.407331
F[2] = 0.408386
F_META[3] = 0.600298
F[3] = 0.519078
F_META[4] = 0.442076
F[4] = 0.519078
F_META[5] = 0.518023
F[5] = 0.519078
F_META[6] = 0.518023
F[6] = 0.519078
F_META[7] = 0.380083
F[7] = 0.329979
F_META[8] = 0.175186
F[8] = 0.204193
F_META[9] = 0.380083
F[9] = 0.329979
F_META[10] = 0.175186
F[10] = 0.204193
F_META[11] = 0.329452
F[11] = 0.329979
F_META[12] = 0.203665
F[12] = 0.204193
F_META[13] = 0.329452
F[13] = 0.329979
F_META[14] = 0.203665
F[14] = 0.204193
F_META[15] = 0.300149
F[15] = 0.259539
F_META[16] = 0.221038
F[16] = 0.259539
F_META[17] = 0.300149
F[17] = 0.259539
F_META[18] = 0.221038
F[18] = 0.259539

Rho = 9.471935


i = 15, j = 15, k = 10

F_META[0] = 3.108137
F[0] = 3.114465
F_META[1] = 0.658903
F[1] = 0.659958
F_META[2] = 0.407331
F[2] = 0.408386
F_META[3] = 0.600298
F[3] = 0.519078
F_META[4] = 0.442076
F[4] = 0.519078
F_META[5] = 0.518023
F[5] = 0.519078
F_META[6] = 0.518023
F[6] = 0.519078
F_META[7] = 0.380083
F[7] = 0.329979
F_META[8] = 0.175186
F[8] = 0.204193
F_META[9] = 0.380083
F[9] = 0.329979
F_META[10] = 0.175186
F[10] = 0.204193
F_META[11] = 0.329452
F[11] = 0.329979
F_META[12] = 0.203665
F[12] = 0.204193
F_META[13] = 0.329452
F[13] = 0.329979
F_META[14] = 0.203665
F[14] = 0.204193
F_META[15] = 0.300149
F[15] = 0.259539
F_META[16] = 0.221038
F[16] = 0.259539
F_META[17] = 0.300149
F[17] = 0.259539
F_META[18] = 0.221038
F[18] = 0.259539

Rho = 9.471935


i = 15, j = 15, k = 14

F_META[0] = 3.108137
F[0] = 3.114465
F_META[1] = 0.658903
F[1] = 0.659958
F_META[2] = 0.407331
F[2] = 0.408386
F_META[3] = 0.600298
F[3] = 0.519078
F_META[4] = 0.442076
F[4] = 0.519078
F_META[5] = 0.518023
F[5] = 0.519078
F_META[6] = 0.518023
F[6] = 0.519078
F_META[7] = 0.380083
F[7] = 0.329979
F_META[8] = 0.175186
F[8] = 0.204193
F_META[9] = 0.380083
F[9] = 0.329979
F_META[10] = 0.175186
F[10] = 0.204193
F_META[11] = 0.329452
F[11] = 0.329979
F_META[12] = 0.203665
F[12] = 0.204193
F_META[13] = 0.329452
F[13] = 0.329979
F_META[14] = 0.203665
F[14] = 0.204193
F_META[15] = 0.300149
F[15] = 0.259539
F_META[16] = 0.221038
F[16] = 0.259539
F_META[17] = 0.300149
F[17] = 0.259539
F_META[18] = 0.221038
F[18] = 0.259539

Rho = 9.471935


