i = 15, j = 15, k = 0

F_META[0] = 3.114465
F[0] = 3.114465
F_META[1] = 0.659958
F[1] = 0.659958
F_META[2] = 0.408386
F[2] = 0.408386
F_META[3] = 0.519078
F[3] = 0.519078
F_META[4] = 0.519078
F[4] = 0.519078
F_META[5] = 0.519078
F[5] = 0.519078
F_META[6] = 0.519078
F[6] = 0.519078
F_META[7] = 0.329979
F[7] = 0.329979
F_META[8] = 0.204193
F[8] = 0.204193
F_META[9] = 0.329979
F[9] = 0.329979
F_META[10] = 0.204193
F[10] = 0.204193
F_META[11] = 0.329979
F[11] = -0.047379
F_META[12] = 0.204193
F[12] = 0.581551
F_META[13] = 0.329979
F[13] = 0.329979
F_META[14] = 0.204193
F[14] = 0.204193
F_META[15] = 0.259539
F[15] = 0.259539
F_META[16] = 0.259539
F[16] = 0.259539
F_META[17] = 0.259539
F[17] = 0.259539
F_META[18] = 0.259539
F[18] = 0.259539

Rho = 9.433962


i = 15, j = 15, k = 5

F_META[0] = 3.114465
F[0] = 3.114465
F_META[1] = 0.659958
F[1] = 0.659958
F_META[2] = 0.408386
F[2] = 0.408386
F_META[3] = 0.519078
F[3] = 0.519078
F_META[4] = 0.519078
F[4] = 0.519078
F_META[5] = 0.519078
F[5] = 0.519078
F_META[6] = 0.519078
F[6] = 0.519078
F_META[7] = 0.329979
F[7] = 0.329979
F_META[8] = 0.204193
F[8] = 0.204193
F_META[9] = 0.329979
F[9] = 0.329979
F_META[10] = 0.204193
F[10] = 0.204193
F_META[11] = 0.329979
F[11] = 0.329979
F_META[12] = 0.204193
F[12] = 0.204193
F_META[13] = 0.329979
F[13] = 0.329979
F_META[14] = 0.204193
F[14] = 0.204193
F_META[15] = 0.259539
F[15] = 0.259539
F_META[16] = 0.259539
F[16] = 0.259539
F_META[17] = 0.259539
F[17] = 0.259539
F_META[18] = 0.259539
F[18] = 0.259539

Rho = 9.433962


i = 15, j = 15, k = 10

F_META[0] = 3.114465
F[0] = 3.114465
F_META[1] = 0.659958
F[1] = 0.659958
F_META[2] = 0.408386
F[2] = 0.408386
F_META[3] = 0.519078
F[3] = 0.519078
F_META[4] = 0.519078
F[4] = 0.519078
F_META[5] = 0.519078
F[5] = 0.519078
F_META[6] = 0.519078
F[6] = 0.519078
F_META[7] = 0.329979
F[7] = 0.329979
F_META[8] = 0.204193
F[8] = 0.204193
F_META[9] = 0.329979
F[9] = 0.329979
F_META[10] = 0.204193
F[10] = 0.204193
F_META[11] = 0.329979
F[11] = 0.329979
F_META[12] = 0.204193
F[12] = 0.204193
F_META[13] = 0.329979
F[13] = 0.329979
F_META[14] = 0.204193
F[14] = 0.204193
F_META[15] = 0.259539
F[15] = 0.259539
F_META[16] = 0.259539
F[16] = 0.259539
F_META[17] = 0.259539
F[17] = 0.259539
F_META[18] = 0.259539
F[18] = 0.259539

Rho = 9.433962


i = 15, j = 15, k = 14

F_META[0] = 3.114465
F[0] = 3.114465
F_META[1] = 0.659958
F[1] = 0.659958
F_META[2] = 0.408386
F[2] = 0.408386
F_META[3] = 0.519078
F[3] = 0.519078
F_META[4] = 0.519078
F[4] = 0.519078
F_META[5] = 0.519078
F[5] = 0.519078
F_META[6] = 0.519078
F[6] = 0.519078
F_META[7] = 0.329979
F[7] = 0.329979
F_META[8] = 0.204193
F[8] = 0.204193
F_META[9] = 0.329979
F[9] = 0.329979
F_META[10] = 0.204193
F[10] = 0.204193
F_META[11] = 0.329979
F[11] = 0.329979
F_META[12] = 0.204193
F[12] = 0.204193
F_META[13] = 0.329979
F[13] = 0.329979
F_META[14] = 0.204193
F[14] = 0.204193
F_META[15] = 0.259539
F[15] = 0.259539
F_META[16] = 0.259539
F[16] = 0.259539
F_META[17] = 0.259539
F[17] = 0.259539
F_META[18] = 0.259539
F[18] = 0.259539

Rho = 9.433962


